0	0.983607	0.98913
1	0.989071	0.978261
2	0.989071	0.978261
3	0.989071	0.978261
4	0.989071	0.978261
5	0.989071	0.972826
6	0.983607	0.967391
7	0.978142	0.972826
8	0.983607	0.967391
9	0.983607	0.967391
10	0.983607	0.967391
11	0.983607	0.967391
12	0.983607	0.961957
13	0.983607	0.961957
14	0.983607	0.967391
15	0.978142	0.956522
16	0.989071	0.956522
17	0.983607	0.956522
18	0.972678	0.945652
19	0.972678	0.940217
20	0.967213	0.940217
21	0.972678	0.934783
22	0.961749	0.923913
23	0.956284	0.918478
24	0.961749	0.902174
25	0.956284	0.918478
26	0.945355	0.918478
27	0.95082	0.902174
28	0.95082	0.907609
