0	1	1
1	0.994475	1.00552
2	0.994475	0.994475
3	1	0.994475
4	1	0.98895
5	1	0.98895
6	0.994475	0.98895
7	0.994475	0.994475
8	0.994475	0.98895
9	0.98895	0.98895
10	0.983425	0.98895
11	0.983425	0.98895
12	0.972376	0.98895
13	0.977901	0.98895
14	0.972376	0.966851
15	0.972376	0.966851
16	0.977901	0.972376
17	0.966851	0.972376
18	0.955801	0.966851
19	0.955801	0.966851
20	0.961326	0.961326
21	0.961326	0.966851
22	0.955801	0.961326
23	0.961326	0.966851
24	0.966851	0.972376
25	0.961326	0.955801
26	0.961326	0.950276
27	0.961326	0.950276
28	0.966851	0.944751
