0	3.1322e-05	3.11663e-05
1	0.947143	0.933571
2	0.915714	0.934643
3	0.927857	0.94
4	0.935357	0.930357
5	0.911786	0.930714
6	0.924286	0.944643
7	0.932857	0.940357
8	0.920357	0.941071
9	0.920357	0.919643
10	0.931786	0.937143
11	0.931786	0.9425
12	0.931786	0.921786
13	0.931786	0.935714
14	0.923571	0.929643
15	0.915	0.950714
16	0.935357	0.927857
17	0.908571	0.93
18	0.915	0.937143
19	0.9125	0.944286
20	0.93	0.928571
21	0.931786	0.9525
22	0.952143	0.931429
23	0.9475	0.928929
24	0.917143	0.930357
25	0.915357	0.933571
26	0.918571	0.921071
27	0.942143	0.933929
28	0.926429	0.93
29	0.926071	0.926786
30	0.935357	0.920357
31	0.928929	0.945
32	0.914286	0.937143
33	0.923571	0.921071
34	0.926429	0.938214
35	0.929286	0.9325
36	0.928571	0.946786
37	0.924286	0.916429
38	0.9525	0.907143
39	0.936786	0.916429
40	0.930714	0.944286
41	0.930714	0.942857
42	0.939643	0.926429
43	0.946429	0.931071
44	0.939643	0.945357
45	0.930357	0.9325
46	0.940357	0.932143
47	0.928929	0.926429
48	0.930357	0.944286
49	0.933214	0.935357
50	0.9525	0.923571
51	0.941429	0.938571
52	0.935714	0.9375
53	0.928214	0.945357
54	0.933214	0.931429
55	0.953571	0.933214
56	0.946786	0.926429
57	0.939286	0.912143
